122,35
10,196
10,166
10,92
10,234
10,134
10,174
9,4
9,2
9,3
8,8
8,16
8,9
8,11
8,7
8,2
8,3
119,4
119,3
119,2
119,1
119,0
20,3
20,2
20,1
19,3
19,2
19,1
12,3
12,2
12,1
11,27
11,26
11,25
11,24
11,23
11,22
11,21
11,20
11,19
11,18
11,17
11,16
11,15
11,14
11,13
11,12
11,11
11,10
11,9
11,8
11,7
11,6
11,5
11,4
11,3
11,2
11,1
10,309
10,303
10,302
10,298
10,297
10,294
10,293
10,292
10,289
10,284
10,277
10,276
10,269
10,263
10,261
10,256
10,254
10,252
10,251
10,246
10,244
10,241
10,239
10,233
10,232
10,231
10,229
10,227
10,226
10,225
10,224
10,222
10,215
10,213
10,212
10,208
10,206
10,204
10,203
10,195
10,193
10,191
10,187
18,1
10,164
18,3
10,138
10,125
10,121
10,108
14,1
10,86
14,3
10,83
13,1
10,64
13,3
10,34
10,33
